{
 "cells": [
  {
   "cell_type": "code",
   "execution_count": 2,
   "metadata": {
    "collapsed": true
   },
   "outputs": [],
   "source": [
    "import numpy as np"
   ]
  },
  {
   "cell_type": "code",
   "execution_count": 3,
   "metadata": {
    "collapsed": false
   },
   "outputs": [
    {
     "name": "stdout",
     "output_type": "stream",
     "text": [
      "[[-1  2  2]\n",
      " [-1 -4 -2]\n",
      " [-3  9  7]]\n"
     ]
    }
   ],
   "source": [
    "A = np.array( [[-1,2,2],[-1,-4,-2],[-3,9,7]] )\n",
    "#A = np.linalg.inv(A)\n",
    "print(A)"
   ]
  },
  {
   "cell_type": "code",
   "execution_count": 4,
   "metadata": {
    "collapsed": false
   },
   "outputs": [
    {
     "name": "stdout",
     "output_type": "stream",
     "text": [
      "-1.0\n",
      "[-0.30151134 -0.30151134 -0.90453403]\n",
      "7.0\n",
      "[-0.23346307  0.36687054 -0.90050042]\n",
      "3.57142857143\n",
      "[-0.33186166  0.22566593 -0.91593817]\n",
      "3.16\n",
      "[-0.27880057  0.33526651 -0.89992589]\n",
      "3.05063291139\n",
      "[-0.31590132  0.27395592 -0.90838016]\n",
      "3.01659751037\n",
      "[-0.29189446  0.31759081 -0.90218274]\n",
      "3.00550206327\n",
      "[-0.30796797  0.28992683 -0.90614467]\n",
      "3.00183066362\n",
      "[-0.29725666  0.30885869 -0.90346266]\n",
      "3.00060984906\n",
      "[-0.30437715  0.29645879 -0.90524402]\n",
      "3.00020324171\n",
      "[-0.29961691  0.3048129  -0.90405686]\n"
     ]
    }
   ],
   "source": [
    "N = 10\n",
    "\n",
    "v = np.array([1,0,0])\n",
    "\n",
    "for i in range(0,N):\n",
    "    vAntigo = v\n",
    "    \n",
    "    v = A.dot(v)    \n",
    "    \n",
    "    if vAntigo[0]!= 0:\n",
    "        autovalor = v[0]/vAntigo[0]\n",
    "        print(autovalor)\n",
    "    else:\n",
    "        print(\"Divisao por zero no autovalor\")\n",
    "        \n",
    "    norma = np.sqrt( v.dot(v) ) \n",
    "    if norma != 0 :\n",
    "        v = v/norma\n",
    "        print(v)\n",
    "    else:\n",
    "        print(\"Divisao por zero no autovetor\")\n",
    "        break"
   ]
  },
  {
   "cell_type": "code",
   "execution_count": 5,
   "metadata": {
    "collapsed": false
   },
   "outputs": [
    {
     "name": "stdout",
     "output_type": "stream",
     "text": [
      "Matriz original\n",
      "[[-1  2  2]\n",
      " [-1 -4 -2]\n",
      " [-3  9  7]]\n",
      "Iteracão:\n",
      "[[ 7.          4.89897949 -5.90839157]\n",
      " [-5.71547607 -4.92592593  2.02124272]\n",
      " [ 0.24618298 -0.08933669 -0.07407407]]\n",
      "Iteracão:\n",
      "[[ 2.47497219  8.1831979   9.51825695]\n",
      " [ 0.431891   -1.27956989  1.65647608]\n",
      " [-0.02350187 -0.31128409  0.8045977 ]]\n",
      "Iteracão:\n",
      "[[  3.73303965e+00   8.12727301e+00  -9.00222429e+00]\n",
      " [ -4.61019778e-01  -2.62126269e+00  -3.04896106e-01]\n",
      " [  8.34182946e-03  -7.92301796e-02   8.88223046e-01]]\n",
      "Iteracão:\n",
      "[[  2.68534456e+00   8.22717912e+00   9.41883999e+00]\n",
      " [  1.94138763e-01  -1.67529681e+00   1.24897660e+00]\n",
      " [ -2.19953580e-03  -6.03273407e-02   9.89952252e-01]]\n",
      "Iteracão:\n",
      "[[  3.26058614e+00   8.09262557e+00  -9.29689272e+00]\n",
      " [ -1.63792009e-01  -2.24428954e+00  -6.43345893e-01]\n",
      " [  8.03869224e-04  -2.33403895e-02   9.83703397e-01]]\n",
      "Iteracão:\n",
      "[[  2.84715806e+00   8.21987007e+00   9.36781386e+00]\n",
      " [  9.18248750e-02  -1.84826995e+00   1.06983202e+00]\n",
      " [ -2.46528150e-04  -1.38311811e-02   1.00111189e+00]]\n",
      "Iteracão:\n",
      "[[  3.10925132e+00   8.11819650e+00  -9.34735001e+00]\n",
      " [ -6.81566830e-02  -2.10637004e+00  -7.86616382e-01]\n",
      " [  8.62947640e-05  -6.19593888e-03   9.97118724e-01]]\n",
      "Iteracão:\n",
      "[[  2.93011050e+00   8.19748590e+00   9.35527909e+00]\n",
      " [  4.22245334e-02  -1.93077911e+00   9.81524700e-01]\n",
      " [ -2.77662344e-05  -3.33344537e-03   1.00066861e+00]]\n",
      "Iteracão:\n",
      "[[  3.04772670e+00   8.14062086e+00  -9.35554386e+00]\n",
      " [ -2.95278771e-02  -2.04713600e+00  -8.51465799e-01]\n",
      " [  9.46960424e-06  -1.58838584e-03   9.99409293e-01]]\n",
      "Iteracão:\n",
      "[[  2.96864258e+00   8.18155006e+00   9.35357322e+00]\n",
      " [  1.90648190e-02  -1.96885266e+00   9.39629008e-01]\n",
      " [ -3.10761205e-06  -8.20089301e-04   1.00021007e+00]]\n"
     ]
    }
   ],
   "source": [
    "A = np.array( [[-1,2,2],[-1,-4,-2],[-3,9,7]] )\n",
    "#A = np.random.rand(3,3)\n",
    "print(\"Matriz original\")\n",
    "print(A)\n",
    "\n",
    "N = 10 #iteracoes\n",
    "\n",
    "for i in range(0,N):\n",
    "    Q , R = np.linalg.qr(A)\n",
    "    A = R.dot(Q)\n",
    "    print(\"Iteracão:\")\n",
    "    print(A)"
   ]
  },
  {
   "cell_type": "code",
   "execution_count": 6,
   "metadata": {
    "collapsed": false
   },
   "outputs": [
    {
     "name": "stdout",
     "output_type": "stream",
     "text": [
      "Matriz original (simetrica)\n",
      "[[ 1.01117019  0.94627149  0.4415829 ]\n",
      " [ 0.94627149  0.9154115   0.33560833]\n",
      " [ 0.4415829   0.33560833  0.653301  ]]\n",
      "Iteracão:\n",
      "[[ 2.11399866 -0.08375744 -0.01965928]\n",
      " [-0.08375744  0.44969686  0.05949207]\n",
      " [-0.01965928  0.05949207  0.01618717]]\n",
      "Iteracão:\n",
      "[[  2.11824412e+00  -1.83684824e-02   7.62945155e-05]\n",
      " [ -1.83684824e-02   4.53497879e-01  -1.06856093e-03]\n",
      " [  7.62945155e-05  -1.06856093e-03   8.14069446e-03]]\n",
      "Iteracão:\n",
      "[[  2.11843749e+00  -3.93090760e-03  -2.93107453e-07]\n",
      " [ -3.93090760e-03   4.53307069e-01   1.91686286e-05]\n",
      " [ -2.93107453e-07   1.91686286e-05   8.13813097e-03]]\n",
      "Autovalores:\n",
      "[[  2.11843749e+00  -3.93090760e-03  -2.93107453e-07]\n",
      " [ -3.93090760e-03   4.53307069e-01   1.91686286e-05]\n",
      " [ -2.93107453e-07   1.91686286e-05   8.13813097e-03]]\n",
      "Autovetores:\n",
      "[[-0.68562522 -0.16346578 -0.70936379]\n",
      " [-0.63811676 -0.3339904   0.69372719]\n",
      " [-0.35032136  0.92829378  0.12468199]]\n",
      "Matriz original:\n",
      "[[ 1.01117019  0.94627149  0.4415829 ]\n",
      " [ 0.94627149  0.9154115   0.33560833]\n",
      " [ 0.4415829   0.33560833  0.653301  ]]\n"
     ]
    }
   ],
   "source": [
    "#A = np.array( [[-1,2,2],[-1,-4,-2],[-3,9,7]] )\n",
    "A = np.random.rand(3,3)\n",
    "A = A.dot(np.transpose(A))\n",
    "print(\"Matriz original (simetrica)\")\n",
    "print(A)\n",
    "\n",
    "N = 3\n",
    "\n",
    "S = np.identity(3)\n",
    "for i in range(0,N):\n",
    "    Q , R = np.linalg.qr(A)\n",
    "    A = R.dot(Q)\n",
    "    S = S.dot(Q)\n",
    "    print(\"Iteracão:\")\n",
    "    print(A)\n",
    "    \n",
    "print(\"Autovalores:\")\n",
    "print(A)\n",
    "print(\"Autovetores:\")\n",
    "print(S)\n",
    "print(\"Matriz original:\")\n",
    "print(S.dot(A).dot(np.transpose(S)))"
   ]
  },
  {
   "cell_type": "code",
   "execution_count": null,
   "metadata": {
    "collapsed": true
   },
   "outputs": [],
   "source": []
  }
 ],
 "metadata": {
  "anaconda-cloud": {},
  "kernelspec": {
   "display_name": "Python [conda root]",
   "language": "python",
   "name": "conda-root-py"
  },
  "language_info": {
   "codemirror_mode": {
    "name": "ipython",
    "version": 3
   },
   "file_extension": ".py",
   "mimetype": "text/x-python",
   "name": "python",
   "nbconvert_exporter": "python",
   "pygments_lexer": "ipython3",
   "version": "3.5.2"
  }
 },
 "nbformat": 4,
 "nbformat_minor": 1
}
